 2458369.5      0.000000000000000000     ( 2018  9  7   23h 59m 59.999960s)
     1   42122.83499999999913       0.000000000000000000       0.000000000000000000    
         0.000000000000000000       1.662891644615299924       2.589800292587959962    
  0.9723685177609774355      0.2334443520412980422      0.1788901153810073695E-02
 -0.2334446832083839352      0.9723700835024288169     -0.2431495449646764120E-04
 -0.1745150153105234003E-02 -0.3939663668791459211E-03  0.9999983996194420355    
Прогнозируемая угловая ошибка:          0.00"

 2458369.5      864.0000000000000000     ( 2018  9  8    0h 14m 23.999940s)
     1   42039.01347556644760       1435.785251926891306       2236.103042321654812    
       -0.1939667365583282455       1.659582611990725987       2.584646779701882835    
  0.9851374235022446468      0.1717587173561717639      0.1788806172186733177E-02
 -0.1717589492844235899      0.9851390068159188163     -0.2429929311422089245E-04
 -0.1766396351272180119E-02 -0.2833053255968402597E-03  0.9999983997897308186    
Прогнозируемая угловая ошибка:          0.00"

 2458369.5      1728.000000000000000     ( 2018  9  8    0h 28m 47.999961s)
     1   41787.88349711841147       2865.856322859211105       4463.306775163617203    
       -0.3871592103531749096       1.649668801790771688       2.569206935358075317    
  0.9939971316966433879      0.1093915110658613132      0.1788710589559898726E-02
 -0.1093916428456125078      0.9939987262997599382     -0.2428975934403070224E-04
 -0.1780633141219501369E-02 -0.1715260388497401539E-03  0.9999983999609370899    
Прогнозируемая угловая ошибка:          0.00"

 2458369.5      2592.000000000000000     ( 2018  9  8    0h 43m 11.999942s)
     1   41370.44748973755486       4284.521976989635732       6672.747624052316496    
       -0.5788063044186505524       1.633190021791839808       2.543542756493065493    
  0.9989124846452337447      0.4659022297658917816E-01  0.1788614792811532572E-02
 -0.4659025409554416047E-01  0.9989140842101909001     -0.2428637823725654239E-04
 -0.1787804015543494919E-02 -0.5907205124822990927E-04  0.9999984001323677374    
Прогнозируемая угловая ошибка:          0.00"

 2458369.5      3456.000000000000000     ( 2018  9  8    0h 57m 35.999963s)
     1   40788.37163620780484       5686.136773496933529       8855.633335977041497    
       -0.7681431797228617242       1.610212434397937153       2.507757284942733644    
  0.9998639778223014085     -0.1639594622290637890E-01  0.1788519169614813647E-02
  0.1639601587765697824E-01  0.9998655760017826077     -0.2428915044061968263E-04
 -0.1787880506112720681E-02  0.5361043528001025431E-04  0.9999984003033292046    
Прогнозируемая угловая ошибка:          0.00"

 2458369.5      4320.000000000000000     ( 2018  9  8    1h 11m 59.999944s)
     1   40043.97910912282532       7065.123726016499859       11003.27826942333013    
       -0.9544143800496664998       1.580828281713599903       2.461994179268790273    
  0.9968478354476829617     -0.7931705051552574715E-01  0.1788424106931901965E-02
  0.7931722065703643298E-01  0.9968494258998433777     -0.2429805219453427825E-04
 -0.1780862294427166918E-02  0.1660742902535572419E-03  0.9999984004731299336    
Прогнозируемая угловая ошибка:          0.00"

 2458369.5      5184.000000000000000     ( 2018  9  8    1h 26m 23.999965s)
     1   39140.24063699582621       8415.996677737153732       13107.13824152048801    
        -1.136876896183218300       1.545155502455930252       2.406437118134644226    
  0.9898760258230084874     -0.1419234137719904976      0.1788329989443418651E-02
  0.1419236837146164165      0.9898776022366347904     -0.2431303542800973089E-04
 -0.1766777212971010159E-02  0.2778732706843406518E-03  0.9999984006410833626    
Прогнозируемая угловая ошибка:          0.00"

 2458369.5      6048.000000000000000     ( 2018  9  8    1h 40m 47.999945s)
     1   38080.76244526584924       9733.382299412958673       15158.84478791410402    
        -1.314803176169555998       1.503337242501467275       2.341309038027355793    
  0.9789762149592801110     -0.2039665971469959427      0.1788237198057744063E-02
  0.2039669658090933202      0.9789777710788367671     -0.2433402794656454811E-04
 -0.1745681137439682260E-02  0.3885637500086914099E-03  0.9999984008065105900    
Прогнозируемая угловая ошибка:          0.00"

 2458369.5      6912.000000000000000     ( 2018  9  8    1h 55m 11.999966s)
     1   36869.77162440228130       11012.04161934428521       17150.23869372386980    
        -1.487484068717266572       1.455541261356580796       2.266871208890085310    
  0.9641916542046377048     -0.2652004081739307018      0.1788146108365038737E-02
  0.2652008740821650834      0.9641931838550823475     -0.2436093372307838572E-04
 -0.1717657759855735012E-02  0.4977065199093394249E-03  0.9999984009687415965    
Прогнозируемая угловая ошибка:          0.00"

 2458369.5      7776.000000000000000     ( 2018  9  8    2h  9m 35.999947s)
     1   35512.09898833928310       12246.89099656749022       19073.40265735024877    
        -1.654231687154462671       1.401959237318215035       2.183422151974117043    
  0.9455810126625601164     -0.3253818546629379527      0.1788057089181698716E-02
  0.3253824159581101272      0.9455825097738507212     -0.2439363327145800998E-04
 -0.1682818264371549379E-02  0.6048684920002311881E-03  0.9999984011271202400    
Прогнозируемая угловая ошибка:          0.00"

 2458369.5      8640.000000000000000     ( 2018  9  8    2h 23m 59.999968s)
     1   34013.15949716619070       13433.02245108339230       20920.69295292842435    
        -1.814382181779032432       1.342805974552223391       2.091296404936587638    
  0.9232181388930158494     -0.3842721316728591741      0.1787970501053424066E-02
  0.3842727861172986481      0.9232195975241898056     -0.2443198412985570609E-04
 -0.1641300875745057251E-02  0.7096244568532463761E-03  0.9999984012810049228    
Прогнозируемая угловая ошибка:          0.01"

 2458369.5      9504.000000000000000     ( 2018  9  8    2h 38m 23.999949s)
     1   32378.93032830569064       14565.72326793466345       22684.76996186902397    
        -1.967298408919958552       1.278318515756397877       1.990863139895096889    
  0.8971917747786236630     -0.4416375467855396253      0.1787886694857904754E-02
  0.4416382917719640644      0.8971931891413773563     -0.2447582141525522014E-04
 -0.1593270323857645708E-02  0.8115587314535056048E-03  0.9999984014297724766    
Прогнозируемая угловая ошибка:          0.01"

 2458369.5      10368.00000000000000     ( 2018  9  8    2h 52m 47.999969s)
     1   30615.92669027634111       15640.49479529241762       24358.62744914255381    
        -2.112372485565557234       1.208755164492079315       1.882524640799474236    
  0.8676051950778870259     -0.4972504693044850765      0.1787806010380661465E-02
  0.4972513018663610729      0.8676065595595364721     -0.2452495848887615987E-04
 -0.1538917174707963263E-02  0.9102668475403016823E-03  0.9999984015728204945    
Прогнозируемая угловая ошибка:          0.01"

 2458369.5      11232.00000000000000     ( 2018  9  8    3h  7m 11.999950s)
     1   28731.17548251288827       16653.07036041175888       25935.62046572624968    
        -2.249028219005544837       1.134394421659600916       1.766714647090491752    
  0.8345758072765139257     -0.5508902122334197182      0.1787728774998123982E-02
  0.5508911290567146679      0.8345771164622727278     -0.2457918768222002535E-04
 -0.1478457092135794081E-02  0.1005357118707964591E-02  0.9999984017095682187    
Прогнозируемая угловая ошибка:          0.01"

 2458369.5      12096.00000000000000     ( 2018  9  8    3h 21m 35.999971s)
     1   26732.18691356285490       17599.43223134189975       27409.49176490172977    
        -2.376723401573208605       1.055533840956694780       1.643896571182025257    
  0.7982346747083652883     -0.6023439286501941492      0.1787655302348824552E-02
  0.6023449260865412214      0.7982359234028207906     -0.2463828113860768774E-04
 -0.1412129961940203739E-02  0.1096452231291491098E-02  0.9999984018394604268    
Прогнозируемая угловая ошибка:          0.01"

 2458369.5      12960.00000000000000     ( 2018  9  8    3h 35m 59.999952s)
     1   24626.92419825124307       18475.82755660415205       28774.39662683205461    
        -2.494951961256821615      0.9724888084935988664       1.514561597824278127    
  0.7587260087369910311     -0.6514074364042194976      0.1787585891117727090E-02
  0.6514085104853759578      0.7587271919847313750     -0.2470199169629224028E-04
 -0.1340198962514362177E-02  0.1183190706265201467E-02  0.9999984019619699849    
Прогнозируемая угловая ошибка:          0.01"

 2458369.5      13824.00000000000000     ( 2018  9  8    3h 50m 23.999973s)
     1   22423.77146207173428       19278.78321965480063       30024.92599301639711    
        -2.603245959670576148      0.8855912520424165102       1.379226673878851450    
  0.7162065830062352978     -0.6978860474517574186      0.1787520823823864069E-02
  0.6978871939053640228      0.7162076961114989260     -0.2477005389127138422E-04
 -0.1262949495976879114E-02  0.1265228367444181171E-02  0.9999984020765979587    
Прогнозируемая угловая ошибка:          0.01"

 2458369.5      14688.00000000000000     ( 2018  9  8    4h  4m 47.999953s)
     1   20131.49998809145836       20005.11954980212977       31156.12781977770283    
        -2.701177429629482596      0.7951882856701020241       1.238432397459777956    
  0.6708451260043831743     -0.7415953221950660756      0.1787460365725167862E-02
  0.7415965364615821898      0.6708461645497054704     -0.2484218498659308092E-04
 -0.1180688082452206137E-02  0.1342239675001670072E-02  0.9999984021828768332    
Прогнозируемая угловая ошибка:          0.01"

 2458369.5      15552.00000000000000     ( 2018  9  8    4h 19m 11.999974s)
     1   17759.23294802143937       20651.96283632002815       32163.52656783947896    
        -2.788360045354442818      0.7016407957433378195       1.092740815766689799    
  0.6228216357326212815     -0.7823618186284094778      0.1787404763741799437E-02
  0.7823630958792182621      0.6228225955963495597     -0.2491808611893079451E-04
 -0.1093741115162138794E-02  0.1413919047706265831E-02  0.9999984022803735106    
Прогнозируемая угловая ошибка:          0.01"

 2458369.5      16416.00000000000000     ( 2018  9  8    4h 33m 35.999955s)
     1   15316.40876478410610       21216.75659776553584       33043.14075324773148    
        -2.864450619137616894      0.6053219744989246642      0.9427331412561132939    
  0.5723266822839422341     -0.8200237643572633184      0.1787354245498817785E-02
  0.8200250995138157473      0.5723275596566044232     -0.2499744345773367043E-04
 -0.1002453595884783511E-02  0.1479982046911290303E-02  0.9999984023686884216    
Прогнозируемая угловая ошибка:          0.01"

 2458369.5      17280.00000000000000     ( 2018  9  8    4h 47m 59.999976s)
     1   12812.74325888665044       21697.27156393555560       33791.49849334724422    
        -2.929150419118836002      0.5066158075447836362      0.7890073960639474304    
  0.5195606337966575117     -0.8544317136759894682      0.1787309018402293958E-02
  0.8544331014299662019      0.5195614251960648522     -0.2507992947714972863E-04
 -0.9071877337447898076E-03  0.1540166531861975182E-02  0.9999984024474588562    
Прогнозируемая угловая ошибка:          0.01"

 2458369.5      18144.00000000000000     ( 2018  9  8    5h  2m 23.999957s)
     1   10258.19073517193647       22091.61433345922342       34405.65099018270848    
        -2.982206303655793533      0.4059155217942299609      0.6321759948064119561    
  0.4647328801070740867     -0.8854491266108656111      0.1787269268834986791E-02
  0.8854505614452276019      0.4647335823921525666     -0.2516520422800830488E-04
 -0.8083215419003702542E-03  0.1594233675383127050E-02  0.9999984025163607404    
Прогнозируемая угловая ошибка:          0.01"

 2458369.5      19008.00000000000000     ( 2018  9  8    5h 16m 47.999977s)
     1   7662.904170059769058       22398.23467568805063       34883.18390251874371    
        -3.023411668608871672      0.3036220004400350114      0.4728632760485110831    
  0.4080609822620698823     -0.9129529235101843110      0.1787235161399891581E-02
  0.9129543997210718409      0.4080615926453105557     -0.2525291671484013422E-04
 -0.7062473022504899521E-03  0.1641968933935904467E-02  0.9999984025751079697    
Прогнозируемая угловая ошибка:          0.01"

 2458369.5      19872.00000000000000     ( 2018  9  8    5h 31m 11.999958s)
     1   5037.194662207502006       22615.93145128679316       35222.22656661401561    
        -3.052607204700640509      0.2001421716454470645      0.3117029928390843696    
  0.3497698295560484061     -0.9368339619292471721      0.1787206838281692059E-02
  0.9368354736486020906      0.3497703456145847545     -0.2534270625797748426E-04
 -0.6013700456008024822E-03  0.1683182878898015211E-02  0.9999984026234565171    
Прогнозируемая угловая ошибка:          0.01"

 2458369.5      20736.00000000000000     ( 2018  9  8    5h 45m 35.999979s)
     1   2391.490311611311881       22743.85713171599491       35421.45903489830380    
        -3.069681462945526906      0.9588737766748803293E-01  0.1493357727709334615    
  0.2900907260887187755     -0.9569974799387789277      0.1787184418669725662E-02
  0.9569990211576355765      0.2900911457739244748     -0.2543420395623561904E-04
 -0.4941059066310330523E-03  0.1717711965988201342E-02  0.9999984026612016574    
Прогнозируемая угловая ошибка:          0.01"

 2458369.5      21600.00000000000000     ( 2018  9  8    5h 59m 59.999960s)
     1  -263.7053064567267029       22781.52090360412330       35480.11691074596456    
        -3.074571226972322435     -0.8728268865555333100E-02 -0.1359344196520861914E-01
  0.2292604945531536431     -0.9733634632899414996      0.1787167998295338201E-02
  0.9733650278822613133      0.2292608161987899906     -0.2552703411736071545E-04
 -0.3848805116375944211E-03  0.1745419168957238615E-02  0.9999984026881825194    
Прогнозируемая угловая ошибка:          0.01"

 2458369.5      22464.00000000000000     ( 2018  9  8    6h 14m 23.999940s)
     1  -2917.854905616340602       22728.79034980695724       35397.99396657107718    
        -3.067261691876800977     -0.1132895348243485034     -0.1764379641011982747    
  0.1675205172155539712     -0.9858669699200650616      0.1787157649043773743E-02
  0.9858685516670470106      0.1675207395443694403     -0.2562081577823673283E-04
 -0.2741272550321171555E-03  0.1766194535374108338E-02  0.9999984027042799761    
Прогнозируемая угловая ошибка:          0.01"

 2458369.5      23328.00000000000000     ( 2018  9  8    6h 28m 47.999961s)
     1  -5560.429323624913195       22585.89170471805119       35175.44254145036393    
        -3.047786450039904338     -0.2173817159512760333     -0.3385519300372710205    
  0.1051157862037672835     -0.9944583840329477287      0.1787153418673049663E-02
  0.9944599766477025815      0.1051159083325666488     -0.2571516420347795331E-04
 -0.1622855942944922210E-03  0.1779955616702075640E-02  0.9999984027094183103    
Прогнозируемая угловая ошибка:          0.01"

 2458369.5      24192.00000000000000     ( 2018  9  8    6h 43m 11.999942s)
     1  -8180.949262388743591       22353.40868710282302       34813.37172337044467    
        -3.016227285125104185     -0.3205922791711882103     -0.4992928575893884613    
  0.4229394023217953463E-01 -0.9991036125925386591      0.1787155330623451917E-02
  0.9991052097450321412      0.4229396167534366091E-01 -0.2580969239843895126E-04
 -0.4979932214595321911E-04  0.1786647795037212211E-02  0.9999984027035663248    
Прогнозируемая угловая ошибка:          0.02"

 2458369.5      25056.00000000000000     ( 2018  9  8    6h 57m 35.999963s)
     1  -10769.02676780355614       22032.27991935616228       34313.24332996033627    
        -2.972713776223497195     -0.4225124913822441153     -0.6580241826805861560    
 -0.2069573843510108188E-01 -0.9997842229489646293      0.1787163383923500229E-02
  0.9997858182911345537     -0.2069581776370558665E-01 -0.2590401267531132273E-04
  0.6288523089143191491E-04  0.1786244503545163448E-02  0.9999984026867351217    
Прогнозируемая угловая ошибка:          0.02"

 2458369.5      25920.00000000000000     ( 2018  9  8    7h 11m 59.999944s)
     1  -13314.40628650563667       21623.79494760826856       33677.06571017413080    
        -2.917422714844170262     -0.5227390284000553722     -0.8141177651229223322    
 -0.8360328985446642547E-01 -0.9964975142577644496      0.1787177553192716498E-02
  0.9964991014487082355     -0.8360346964112522206E-01 -0.2599773815619008441E-04
  0.1753209257606446522E-03  0.1778747329447207806E-02  0.9999984026589797681    
Прогнозируемая угловая ошибка:          0.02"

 2458369.5      26784.00000000000000     ( 2018  9  8    7h 26m 23.999965s)
     1  -15807.00513925062660       21129.58888250480959       32907.38539780137216    
        -2.850577338147904261     -0.6208755578821194554     -0.9669563538761318799    
 -0.1461790916755283110     -0.9892565284500183242      0.1787197788744910665E-02
  0.9892581011811517611     -0.1461793712079413332     -0.2609048434335882853E-04
  0.2870616309500539985E-03  0.1764186007626255583E-02  0.9999984026203994070    
Прогнозируемая угловая ошибка:          0.02"

 2458369.5      27648.00000000000000     ( 2018  9  8    7h 40m 47.999945s)
     1  -18236.95325386445620       20551.63568574704550       32007.27665587359661    
        -2.772446382492427031     -0.7165342902342060061      -1.115936002441132002    
 -0.2081748263290414125     -0.9780899997000210844      0.1787224016779649519E-02
  0.9780915517201113074     -0.2081752044991288519     -0.2618187060933325791E-04
  0.3976639509952594061E-03  0.1742618305476396597E-02  0.9999984025711358138    
Прогнозируемая угловая ошибка:          0.02"

 2458369.5      28512.00000000000000     ( 2018  9  8    7h 55m 11.999966s)
     1  -20594.63200450404838       19892.24013257762999       30980.32895897848721    
        -2.683342961995447418     -0.8093374916941484809      -1.260468425348330035    
 -0.2693444896287213175     -0.9630422377144913781      0.1787256139682140291E-02
  0.9630437628544576967     -0.2693449649370375232     -0.2627152174231699980E-04
  0.5066890273630939414E-03  0.1714129788328762078E-02  0.9999984025113731745    
Прогнозируемая угловая ошибка:          0.02"

 2458369.5      29376.00000000000000     ( 2018  9  8    8h  9m 35.999947s)
     1  -22870.71200829506051       19154.02848532299686       29830.63246816367609    
        -2.583623277426410514     -0.8989189539995925404      -1.399983287029457069    
 -0.3294453439402121875     -0.9441729560499720897      0.1787294036400349784E-02
  0.9441744482473684030     -0.3294459145018753254     -0.2635906940038728181E-04
  0.6137042387800178576E-03  0.1678833487989604255E-02  0.9999984024413375305    
Прогнозируемая угловая ошибка:          0.02"

 2458369.5      30240.00000000000000     ( 2018  9  8    8h 23m 59.999968s)
     1  -25056.18973525169713       18339.93791783907000       28562.76156048779012    
        -2.473685161308323721     -0.9849254152729143286      -1.533930414714649526    
 -0.3882389041186516399     -0.9215570295717919747      0.1787337562936771804E-02
  0.9215584828948549800     -0.3882395676708384480     -0.2644415360622866127E-04
  0.7182849583632594341E-03  0.1636869443704597584E-02  0.9999984023612951134    
Прогнозируемая угловая ошибка:          0.02"

 2458369.5      31104.00000000000000     ( 2018  9  8    8h 38m 23.999949s)
     1  -27142.42279269882056       17453.20473524098998       27181.75648233757602    
        -2.353966465646541550      -1.067017926997018362      -1.661781927371056344    
 -0.4454918615443371199     -0.8952842043435546016      0.1787386552905209430E-02
  0.8952856130147487379     -0.4454926154552439344     -0.2652642414419358955E-04
  0.8200161988173068194E-03  0.1588404159639938929E-02  0.9999984022715532328    
Прогнозируемая угловая ошибка:          0.02"

 2458369.5      31968.00000000000000     ( 2018  9  8    8h 52m 47.999969s)
     1  -29121.16375117960342       16497.35143761833388       25693.10320235918334    
        -2.224943299201779023      -1.144873162208418060      -1.783034273092795274    
 -0.5009770317620305669     -0.8654587331018311902      0.1787440818206637591E-02
  0.8654600915207643075     -0.5009778730413301240     -0.2660554197982087951E-04
  0.9184942979477638512E-03  0.1533629928663594053E-02  0.9999984021724568350    
Прогнозируемая угловая ошибка:          0.02"

 2458369.5      32832.00000000000000     ( 2018  9  8    9h  7m 11.999950s)
     1  -30984.59238501189611       15476.17268053507360       24102.71154623342227    
        -2.087128121689822979      -1.218184660297326305      -1.897210167762181765    
 -0.5544742347309233876     -0.8321989713180204529      0.1787500149756825240E-02
  0.8322002740836743628     -0.5544751600416122361     -0.2668118057610693820E-04
  0.1013328482639717226E-02  0.1472764087370646196E-02  0.9999984020643879479    
Прогнозируемая угловая ошибка:          0.02"

 2458369.5      33696.00000000000000     ( 2018  9  8    9h 21m 35.999971s)
     1  -32725.34620722337422       14393.72018897958696       22416.89170154619933    
        -1.941067702720650878      -1.286664004076958134      -2.003860428226514223    
 -0.6057711891391660552     -0.7956368964689413126      0.1787564318335591994E-02
  0.7956381384010934310     -0.6057721948108200083     -0.2675302721753446283E-04
  0.1104142456030137061E-02  0.1406048133402134194E-02  0.9999984019477649033    
Прогнозируемая угловая ошибка:          0.02"

 2458369.5      34560.00000000000000     ( 2018  9  8    9h 35m 59.999952s)
     1  -34336.54918551907031       13254.28668505747555       20642.32918665435864    
        -1.787340953685401690      -1.350041925064523918      -2.102565693671197167    
 -0.6546643349098622000     -0.7559175966763936882      0.1787633075473747538E-02
  0.7559187728361821401     -0.6546654169531833656     -0.2682078422378465657E-04
  0.1190575855465663292E-02  0.1333746789827929208E-02  0.9999984018230393401    
Прогнозируемая угловая ошибка:          0.02"

 2458369.5      35424.00000000000000     ( 2018  9  8    9h 50m 23.999973s)
     1  -35811.83853318575711       12062.38889310204286       18786.05838271469111    
        -1.626556641161475580      -1.408069333203204820      -2.192938029316675586    
 -0.7009596600096996699     -0.7131986813965598415      0.1787706154462268731E-02
  0.7131997871060693495     -0.7009608141323585562     -0.2688417015769191420E-04
  0.1272285716168232743E-02  0.1256146929997295622E-02  0.9999984016906960926    
Прогнозируемая угловая ошибка:          0.02"

 2458369.5      36288.00000000000000     ( 2018  9  8   10h  4m 47.999953s)
     1  -37145.38947638668469       10822.74968900940439       16855.43473292177805    
        -1.459350990734736397      -1.460518267546627280      -2.274622407021759773    
 -0.7444734521686943163     -0.6676496707458193791      0.1787783271384508002E-02
  0.6676507016066554057     -0.7444746737923457758     -0.2694292091640919829E-04
  0.1348947800054172731E-02  0.1173556466114352055E-02  0.9999984015512493052    
Прогнозируемая угловая ошибка:          0.02"

 2458369.5      37152.00000000000000     ( 2018  9  8   10h 19m 11.999974s)
     1  -38331.93790711932525       9540.279463482576830       14858.10571748165967    
        -1.286385190434190751      -1.507182764723989932      -2.347298057837911678    
 -0.7850330450721884068     -0.6194513069536242700      0.1787864126269327796E-02
  0.6194522588643524008     -0.7850343293506497622     -0.2699679080383848999E-04
  0.1420257912682990021E-02  0.1086303098668071811E-02  0.9999984014052417658    
Прогнозируемая угловая ошибка:          0.02"

 2458369.5      38016.00000000000000     ( 2018  9  8   10h 33m 35.999955s)
     1  -39366.80083917015872       8220.056771488800223       12801.98071692847043    
        -1.108342803239607210      -1.547879642304136549      -2.410679692026501453    
 -0.8224774873742949355     -0.5687948540580954893      0.1787948404252171809E-02
  0.5687957232305307365     -0.8224788292127616085     -0.2704555348401107423E-04
  0.1485933081869000340E-02  0.9947330468213263620E-03  0.9999984012532426858    
Прогнозируемая угловая ошибка:          0.02"

 2458369.5      38880.00000000000000     ( 2018  9  8   10h 47m 59.999976s)
     1  -40245.89459267800703       6867.308342593237285       10695.19988006496169    
       -0.9259270983572094327      -1.582449194479785604      -2.464518582522805090    
 -0.8566581964409708538     -0.5158813210405701621      0.1788035776853916367E-02
  0.5158821040147938408     -0.8566595905162419644     -0.2708900289853908596E-04
  0.1545712707029077730E-02  0.8992096422506106477E-03  0.9999984010958449243    
Прогнозируемая угловая ошибка:          0.02"

 2458369.5      39744.00000000000000     ( 2018  9  8   11h  2m 23.999957s)
     1  -40965.75064138486778       5487.388528928813685       8546.102116073267098    
       -0.7398583111638861176      -1.610755797798132383      -2.508603508305534469    
 -0.8874395340487125639     -0.4609206829956297713      0.1788125903252398658E-02
  0.4609213766537337831     -0.8874409748303009327     -0.2712695406833298759E-04
  0.1599359568898357743E-02  0.8001119214787940368E-03  0.9999984009336627677    
Прогнозируемая угловая ошибка:          0.03"

 2458369.5      40608.00000000000000     ( 2018  9  8   11h 16m 47.999977s)
     1  -41523.52906528534368       4085.758269393991668       6363.192333195253923    
       -0.5508708418971723919      -1.632688424970639707      -2.542761554608195418    
 -0.9146993573122271792     -0.4041310282661298992      0.1788218431666711546E-02
  0.4041316298445735700     -0.9147008390843117676     -0.2715924384187999867E-04
  0.1646660793052308596E-02  0.6978330864203544049E-03  0.9999984007673293762    
Прогнозируемая угловая ошибка:          0.03"

 2458369.5      41472.00000000000000     ( 2018  9  8   11h 31m 11.999958s)
     1  -41917.02956015923701       2667.963650237217280       4155.108048822362434    
       -0.3597104033175496651      -1.648161065102558887      -2.566858767387818041    
 -0.9383294919396124589     -0.3457377134374557959      0.1788313000719041722E-02
  0.3457382205380489237     -0.9383310088237092339     -0.2718573153080071236E-04
  0.1687428674714868109E-02  0.5927789809782689620E-03  0.9999984005974947854    
Прогнозируемая угловая ошибка:          0.03"

 2458369.5      42336.00000000000000     ( 2018  9  8   11h 45m 35.999979s)
     1  -42144.69996436226211       1239.614143487157889       1930.585497859951829    
       -0.1671311276921035871      -1.657113048991261994      -2.580800659947126263    
 -0.9582361716085351366     -0.2859724479970149336      0.1788409240902458057E-02
  0.2859728585964171343     -0.9582377175868266317     -0.2720629948036315320E-04
  0.1721501441176891524E-02  0.4853664427034549370E-03  0.9999984004248229086    
Прогнозируемая угловая ошибка:          0.03"

 2458369.5      43200.00000000000000     ( 2018  9  8   11h 59m 59.999960s)
     1  -42205.64227223490889      -193.6393942783206512      -301.5746321586743761    
        0.2610735645493661439E-01  -1.659509278451535730      -2.584532570087567205    
 -0.9743404012735927822     -0.2250723965517014702      0.1788506776011490997E-02
  0.2250727090094692129     -0.9743419702128015558     -0.2722085352557071004E-04
  0.1748743878617156980E-02  0.3760216878116200341E-03  0.9999984002499892055    
Прогнозируемая угловая ошибка:          0.03"

 2458369.5      44064.00000000000000     ( 2018  9  8   12h 14m 23.999940s)
     1  -42099.61611254711170      -1626.126879565071704      -2532.541709539818839    
        0.2192428673082641444      -1.655340358935419864      -2.578039866652519940    
 -0.9865782775447589081     -0.1632792184209828912      0.1788605224665547853E-02
  0.1632794314860664953     -0.9865798632204850760     -0.2722932337460793735E-04
  0.1769047880544710868E-02  0.2651785852828184953E-03  0.9999984000736772405    
Прогнозируемая угловая ошибка:          0.03"

 2458369.5      44928.00000000000000     ( 2018  9  8   12h 28m 47.999961s)
     1  -41827.03967950397055      -3052.181232239017390      -4753.489780032409726    
        0.4115136218816618507      -1.644622635023795576      -2.561348004802228573    
 -0.9949012386810855979     -0.1008381168414002049      0.1788704201808539399E-02
  0.1008382296571087300     -0.9949028348025030777     -0.2723166288259959802E-04
  0.1782332870606013900E-02  0.1532769499572752105E-03  0.9999983998965773502    
Прогнозируемая угловая ошибка:          0.03"

 2458369.5      45792.00000000000000     ( 2018  9  8   12h 43m 11.999942s)
     1  -41388.98811297512293      -4466.160594455969658      -6955.632170759919973    
        0.6021611867085014946      -1.627398128676676547      -2.534522429844392022    
 -0.9992762569399357142     -0.3799687485561523137E-01  0.1788803320222316379E-02
  0.3799688696303102353E-01 -0.9992778571747514826     -0.2722785023800765964E-04
  0.1788546121956920707E-02  0.4076081328713908016E-04  0.9999983997193826468    
Прогнозируемая угловая ошибка:          0.03"

 2458369.5      46656.00000000000000     ( 2018  9  8   12h 57m 35.999963s)
     1  -40787.18933375472989      -5862.470454291136775      -9130.255945730883468    
        0.7904334165221251762      -1.603734380438917917      -2.497668329926780562    
 -0.9996859718881915269      0.2499514830739558297E-01  0.1788902192094978579E-02
 -0.2499523696761348987E-01 -0.9996875698877720762     -0.2721788804824554613E-04
  0.1787662970033958949E-02 -0.7192337506949588355E-04  0.9999983995427863537    
Прогнозируемая угловая ошибка:          0.03"

 2458369.5      47520.00000000000000     ( 2018  9  8   13h 11m 59.999944s)
     1  -40024.01734879049036      -7235.585590418261745      -11268.75608265080518    
        0.9755873703735802316      -1.573724194107775753      -2.450930238380599313    
 -0.9961287576670418975      0.8788798340032251410E-01  0.1789000430522510879E-02
 -0.8788817248768283907E-01 -0.9961303470916029745     -0.2720180333203984526E-04
  0.1779686908163706071E-02 -0.1843284769777971989E-03  0.9999983993674795846    
Прогнозируемая угловая ошибка:          0.03"

 2458369.5      48384.00000000000000     ( 2018  9  8   13h 26m 23.999965s)
     1  -39102.48305041634740      -8580.071754759694159      -13362.66924164804004    
         1.156892194686883757      -1.537485285678342306      -2.394491486985478979    
 -0.9886187295958007715      0.1504320664684884734      0.1789097651080359458E-02
 -0.1504323552440360312     -0.9886203041395612567     -0.2717964740956848883E-04
  0.1764649573420740657E-02 -0.2960084819064557693E-03  0.9999983991941495676    
Прогнозируемая угловая ошибка:          0.03"

 2458369.5      49248.00000000000000     ( 2018  9  8   13h 40m 47.999945s)
     1  -38026.22254266380332      -9890.607010867342979      -15403.70699783235432    
         1.333631962829825657      -1.495159837692220606      -2.328573511908751392    
 -0.9771856894806472127      0.2123792058110845760      0.1789193473312014919E-02
 -0.2123795931403126835     -0.9771872428968522151     -0.2715149570547953752E-04
  0.1742610624100322326E-02 -0.4065202349625899160E-03  0.9999983990234740938    
Прогнозируемая угловая ошибка:          0.03"

 2458369.5      50112.00000000000000     ( 2018  9  8   13h 55m 11.999966s)
     1  -36799.48303668832523      -11162.00264690035328      -17383.78841132723755    
         1.505108460881753540      -1.446913960423760415      -2.253435014552824800    
 -0.9618750045673618576      0.2734835900720554713      0.1789287522274472450E-02
 -0.2734840744294242398     -0.9618765306930642245     -0.2711744744114511052E-04
  0.1713657497457971675E-02 -0.5154252367986290103E-03  0.9999983988561216286    
Прогнозируемая угловая ошибка:          0.03"

 2458369.5      50976.00000000000000     ( 2018  9  8   14h  9m 35.999947s)
     1  -35427.10636620849982      -12389.22358343777341      -19295.07181055438923    
         1.670643909409456063      -1.392937061646517538      -2.169370980024702078    
 -0.9427474317611977961      0.3335027406617837586      0.1789379429990134874E-02
 -0.3335033201367539890     -0.9427489245417169927     -0.2707762525374672876E-04
  0.1677905070987538915E-02 -0.6222913425522680949E-03  0.9999983986927466484    
Прогнозируемая угловая ошибка:          0.03"

 2458369.5      51840.00000000000000     ( 2018  9  8   14h 23m 59.999968s)
     1  -33914.51018259330158      -13567.40819800310419      -21129.98566710091109    
         1.829583611218879913      -1.333441127030064566      -2.076711556420517635    
 -0.9198788708480243326      0.3921984966425106078      0.1789468836941658127E-02
 -0.3921991689471410192     -0.9198803243609645630     -0.2703217469664795039E-04
  0.1635495195882728271E-02 -0.7266945170418422344E-03  0.9999983985339893078    
Прогнозируемая угловая ошибка:          0.03"

 2458369.5      52704.00000000000000     ( 2018  9  8   14h 38m 23.999949s)
     1  -32267.66689782275716      -14691.88749008132072      -22881.25844346441954    
         1.981298515234859892      -1.268659913523490612      -1.975820798594880134    
 -0.8933600704126617442      0.4493379375078155880      0.1789555393464173534E-02
 -0.4493386999858220432     -0.8933614788914185922     -0.2698126367795660658E-04
  0.1586596147490872827E-02 -0.8282204776709464799E-03  0.9999983983804697774    
Прогнозируемая угловая ошибка:          0.03"

 2458369.5      53568.00000000000000     ( 2018  9  8   14h 52m 47.999969s)
     1  -30493.08045196609601      -15758.20351257643779      -24541.94729834712780    
         2.125187686874157933      -1.198848058386432713      -1.867095280559032178    
 -0.8632962592415740488      0.5046943292455440266      0.1789638761165814702E-02
 -0.5046951788828554220     -0.8632976170982070707     -0.2692508177816905899E-04
  0.1531401941893156728E-02 -0.9264663770810783062E-03  0.9999983982327895760    
Прогнозируемая угловая ошибка:          0.03"

 2458369.5      54432.00000000000000     ( 2018  9  8   15h  7m 11.999950s)
     1  -28597.76099004296702      -16762.12699808754769      -26105.46553795410000    
         2.260680675519932237      -1.124280106830709114      -1.750962581122534445    
 -0.8298067386029202019      0.5580480028424672501      0.1789718614238184442E-02
 -0.5580489362791665187     -0.8298080404503345164     -0.2686383951718474664E-04
  0.1470131584247264889E-02 -0.1021042363970700801E-02  0.9999983980915249093    
Прогнозируемая угловая ошибка:          0.03"

 2458369.5      55296.00000000000000     ( 2018  9  8   15h 21m 35.999971s)
     1  -26589.19754113210001      -17699.67411107073349      -27565.60870593949585    
         2.387239769979166315      -1.045249461534907276      -1.627879647859290513    
 -0.7930243976756249369      0.6091872465230671052      0.1789794640780040290E-02
 -0.6091882600667385406     -0.7930256383489370231     -0.2679776749979081733E-04
  0.1403028179321984953E-02 -0.1111573166524076027E-02  0.9999983979572283355    
Прогнозируемая угловая ошибка:          0.03"

 2458369.5      56160.00000000000000     ( 2018  9  8   15h 35m 59.999952s)
     1  -24475.32880034071422      -18567.12225990101069      -28916.57920923397978    
         2.504362133109660604     -0.9620672575898144840      -1.498331044938991052    
 -0.7530951986563423350      0.6579091260489695614      0.1789866544005232121E-02
 -0.6579102156893322784     -0.7530963732333846306     -0.2672711552391837002E-04
  0.1330357989645921963E-02 -0.1197699546396643845E-02  0.9999983978304246568    
Прогнозируемая угловая ошибка:          0.04"

 2458369.5      57024.00000000000000     ( 2018  9  8   15h 50m 23.999973s)
     1  -22264.51212171905354      -19361.02490604845298      -30153.00938197010692    
         2.611581807140735734     -0.8750611667234373670      -1.362827090818046427    
 -0.7101775838987220979      0.7040203089853971363      0.1789934043448571967E-02
 -0.7040214704102309984     -0.7101786877195620518     -0.2665215156550316460E-04
  0.1252409354100562575E-02 -0.1279079757810527894E-02  0.9999983977116078115    
Прогнозируемая угловая ошибка:          0.04"

 2458369.5      57888.00000000000000     ( 2018  9  8   16h  4m 47.999953s)
     1  -19965.49083737016554      -20078.22531103160873      -31269.98289509396272    
         2.708471581582710730     -0.7845741349395389808      -1.221901892228217212    
 -0.6644418620119256769      0.7473378137879206351      0.1789996876052074278E-02
 -0.7473390424001618015     -0.6644428906973692817     -0.2657316074257089011E-04
  0.1169491570808467050E-02 -0.1355390871651414829E-02  0.9999983976012416509    
Прогнозируемая угловая ошибка:          0.04"

 2458369.5      58752.00000000000000     ( 2018  9  8   16h 19m 11.999974s)
     1  -17587.36002483481207      -20715.86916550380192      -32263.05442500205390    
         2.794644716025239450     -0.6909630579819027174      -1.076111281334552583    
 -0.6160695161110542051      0.7876897530262242375      0.1790054797233907270E-02
 -0.7876910439622172300     -0.6160704655800084417     -0.2649044415664747809E-04
  0.1081933640930413110E-02 -0.1426330087095828555E-02  0.9999983974997556091    
Прогнозируемая угловая ошибка:          0.04"

 2458369.5      59616.00000000000000     ( 2018  9  8   16h 33m 35.999955s)
     1  -15139.53085129698593      -21271.41604875740813      -33128.26750066218665    
         2.869756510564221319     -0.5945973993066827612     -0.9260306633549792998    
 -0.5652525006418185338      0.8249159993799467516      0.1790107581835693323E-02
 -0.8249173475287299162     -0.5652533671274996285     -0.2640431772855701619E-04
  0.9900829940060573535E-03 -0.1491615904822802142E-02  0.9999983974075444815    
Прогнозируемая угловая ошибка:          0.04"

 2458369.5      60480.00000000000000     ( 2018  9  8   16h 47m 59.999976s)
     1  -12631.69362922571963      -21742.64967109005738      -33862.17045515425707    
         2.933505717071696051     -0.4958577555058026887     -0.7722527823397439262    
 -0.5121924617111505151      0.8588688360345005934      0.1790155025037613564E-02
 -0.8588702360580959816     -0.5121932417760168832     -0.2631511091494130543E-04
  0.8943040768740126434E-03 -0.1550989270374364404E-02  0.9999983973249664260    
Прогнозируемая угловая ошибка:          0.04"

 2458369.5      61344.00000000000000     ( 2018  9  8   17h  2m 23.999957s)
     1  -10073.77972371395481      -22127.68685585612184      -34461.83041438725195    
         2.985635785033021072     -0.3951343743739179626     -0.6153854131975772246    
 -0.4570999557883747566      0.8894135290252618287      0.1790196943151726615E-02
 -0.8894149753798437086     -0.4571006463377813023     -0.2622316543368931647E-04
  0.7949769416759427075E-03 -0.1604214577878755772E-02  0.9999983972523407427    
Прогнозируемая угловая ошибка:          0.04"

 2458369.5      62208.00000000000000     ( 2018  9  8   17h 16m 47.999977s)
     1  -7475.922456964496632      -22424.98522261642938      -34924.84526289668429    
         3.025935936220631284     -0.2928256310483862146     -0.4560489884244342540    
 -0.4001935944789531963      0.9164288744922851615      0.1790233174368728673E-02
 -0.9164303614501854156     -0.4001941927734166127     -0.2612883387594263564E-04
  0.6924957022720364249E-03 -0.1651080627015169685E-02  0.9999983971899484292    
Прогнозируемая угловая ошибка:          0.04"

 2458369.5      63072.00000000000000     ( 2018  9  8   17h 31m 11.999958s)
     1  -4848.417160076426626      -22633.34953758757183      -35249.35353408427181    
