 2458369.5      0.000000000000000000     ( 2018  9  7   23h 59m 59.999960s)
     1   42122.83499999999913       0.000000000000000000       0.000000000000000000    
         0.000000000000000000       1.662891644615299924       2.589800292587959962    
  0.9723685177609774355      0.2334443520412980422      0.1788901153810073695E-02
 -0.2334446832083839352      0.9723700835024288169     -0.2431495449646764120E-04
 -0.1745150153105234003E-02 -0.3939663668791459211E-03  0.9999983996194420355    
Прогнозируемая угловая ошибка:          0.00"

 2458369.5      864.0000000000000000     ( 2018  9  8    0h 14m 23.999940s)
     1   42039.01036076398304       1435.785216553504370       2236.102865551803006    
       -0.1939739312651743153       1.659582489418592877       2.584646179349817885    
  0.9851374235022446468      0.1717587173561717639      0.1788806172186733177E-02
 -0.1717589492844235899      0.9851390068159188163     -0.2429929311422089245E-04
 -0.1766396351272180119E-02 -0.2833053255968402597E-03  0.9999983997897308186    
Прогнозируемая угловая ошибка:          0.00"

 2458369.5      1728.000000000000000     ( 2018  9  8    0h 28m 47.999961s)
     1   41787.87111632086453       2865.856042412629449       4463.305410764234693    
       -0.3871734206129391898       1.649668318761303709       2.569204600181397957    
  0.9939971316966433879      0.1093915110658613132      0.1788710589559898726E-02
 -0.1093916428456125078      0.9939987262997599382     -0.2428975934403070224E-04
 -0.1780633141219501369E-02 -0.1715260388497401539E-03  0.9999983999609370899    
Прогнозируемая угловая ошибка:          0.00"

 2458369.5      2592.000000000000000     ( 2018  9  8    0h 43m 11.999942s)
     1   41370.41991955780395       4284.521044353065008       6672.743097245765057    
       -0.5788271835763042494       1.633188961407738393       2.543537594119221978    
  0.9989124846452337447      0.4659022297658917816E-01  0.1788614792811532572E-02
 -0.4659025409554416047E-01  0.9989140842101909001     -0.2428637823725654239E-04
 -0.1787804015543494919E-02 -0.5907205124822990927E-04  0.9999984001323677374    
Прогнозируемая угловая ошибка:          0.00"

 2458369.5      3456.000000000000000     ( 2018  9  8    0h 57m 35.999963s)
     1   40788.32332103669614       5686.134607812937247       8855.622755703696384    
       -0.7681702255385277622       1.610210613372471400       2.507748270831030357    
  0.9998639778223014085     -0.1639594622290637890E-01  0.1788519169614813647E-02
  0.1639601587765697824E-01  0.9998655760017826077     -0.2428915044061968263E-04
 -0.1787880506112720681E-02  0.5361043528001025431E-04  0.9999984003033292046    
Прогнозируемая угловая ошибка:          0.00"

 2458369.5      4320.000000000000000     ( 2018  9  8    1h 11m 59.999944s)
     1   40043.90498848728748       7065.119606649256639       11003.25789720552712    
       -0.9544469518857542356       1.580825561465947660       2.461980379967930510    
  0.9968478354476829617     -0.7931705051552574715E-01  0.1788424106931901965E-02
  0.7931722065703643298E-01  0.9968494258998433777     -0.2429805219453427825E-04
 -0.1780862294427166918E-02  0.1660742902535572419E-03  0.9999984004731299336    
Прогнозируемая угловая ошибка:          0.00"

 2458369.5      5184.000000000000000     ( 2018  9  8    1h 26m 23.999965s)
     1   39140.13625602795219       8415.989786972453658       13107.10357904466946    
        -1.136914236782934573       1.545151798162174295       2.406417711223788558    
  0.9898760258230084874     -0.1419234137719904976      0.1788329989443418651E-02
  0.1419236837146164165      0.9898776022366347904     -0.2431303542800973089E-04
 -0.1766777212971010159E-02  0.2778732706843406518E-03  0.9999984006410833626    
Прогнозируемая угловая ошибка:          0.00"

 2458369.5      6048.000000000000000     ( 2018  9  8    1h 40m 47.999945s)
     1   38080.62404467639863       9733.371771935157085       15158.79068014717996    
        -1.314844437164315982       1.503332529666384199       2.341283328027289112    
  0.9789762149592801110     -0.2039665971469959427      0.1788237198057744063E-02
  0.2039669658090933202      0.9789777710788367671     -0.2433402794656454811E-04
 -0.1745681137439682260E-02  0.3885637500086914099E-03  0.9999984008065105900    
Прогнозируемая угловая ошибка:          0.00"

 2458369.5      6912.000000000000000     ( 2018  9  8    1h 55m 11.999966s)
     1   36869.59620716487552       11012.02659619575570       17150.15944382930320    
        -1.487528338850847121       1.455535579571288096       2.266838638587725274    
  0.9641916542046377048     -0.2652004081739307018      0.1788146108365038737E-02
  0.2652008740821650834      0.9641931838550823475     -0.2436093372307838572E-04
 -0.1717657759855735012E-02  0.4977065199093394249E-03  0.9999984009687415965    
Прогнозируемая угловая ошибка:          0.00"

 2458369.5      7776.000000000000000     ( 2018  9  8    2h  9m 35.999947s)
     1   35511.88436121633276       12246.87068105505386       19073.29214926411078    
        -1.654278022101170809       1.401952690982632532       2.183382308782187753    
  0.9455810126625601164     -0.3253818546629379527      0.1788057089181698716E-02
  0.3253824159581101272      0.9455825097738507212     -0.2439363327145800998E-04
 -0.1682818264371549379E-02  0.6048684920002311881E-03  0.9999984011271202400    
Прогнозируемая угловая ошибка:          0.00"

 2458369.5      8640.000000000000000     ( 2018  9  8    2h 23m 59.999968s)
     1   34012.90428621038154       13432.99616395802695       20920.54477721180228    
        -1.814429634366061750       1.342798730464777046       2.091249022104010091    
  0.9232181388930158494     -0.3842721316728591741      0.1787970501053424066E-02
  0.3842727861172986481      0.9232195975241898056     -0.2443198412985570609E-04
 -0.1641300875745057251E-02  0.7096244568532463761E-03  0.9999984012810049228    
Прогнозируемая угловая ошибка:          0.01"

 2458369.5      9504.000000000000000     ( 2018  9  8    2h 38m 23.999949s)
     1   32378.63396851090147       14565.69049914179413       22684.57754038050916    
        -1.967346058543145482       1.278310797601730719       1.990808092585116373    
  0.8971917747786236630     -0.4416375467855396253      0.1787886694857904754E-02
  0.4416382917719640644      0.8971931891413773563     -0.2447582141525522014E-04
 -0.1593270323857645708E-02  0.8115587314535056048E-03  0.9999984014297724766    
Прогнозируемая угловая ошибка:          0.01"

 2458369.5      10368.00000000000000     ( 2018  9  8    2h 52m 47.999969s)
     1   30615.58939059025579       15640.45524967224810       24358.38415417669603    
        -2.112419465613920355       1.208747244385793618       1.882461937254089834    
  0.8676051950778870259     -0.4972504693044850765      0.1787806010380661465E-02
  0.4972513018663610729      0.8676065595595364721     -0.2452495848887615987E-04
 -0.1538917174707963263E-02  0.9102668475403016823E-03  0.9999984015728204945    
Прогнозируемая угловая ошибка:          0.01"

 2458369.5      11232.00000000000000     ( 2018  9  8    3h  7m 11.999950s)
     1   28730.79816841906722       16653.02399492027325       25935.31972953712102    
        -2.249073741182402664       1.134386609032313808       1.766644415293670667    
  0.8345758072765139257     -0.5508902122334197182      0.1787728774998123982E-02
  0.5508911290567146679      0.8345771164622727278     -0.2457918768222002535E-04
 -0.1478457092135794081E-02  0.1005357118707964591E-02  0.9999984017095682187    
Прогнозируемая угловая ошибка:          0.01"

 2458369.5      12096.00000000000000     ( 2018  9  8    3h 21m 35.999971s)
     1   26731.77115035371025       17599.37928165694029       27409.12717596592120    
        -2.376766776117810842       1.055526469173188486       1.643819041613040710    
  0.7982346747083652883     -0.6023439286501941492      0.1787655302348824552E-02
  0.6023449260865412214      0.7982359234028207906     -0.2463828113860768774E-04
 -0.1412129961940203739E-02  0.1096452231291491098E-02  0.9999984018394604268    
Прогнозируемая угловая ошибка:          0.01"

 2458369.5      12960.00000000000000     ( 2018  9  8    3h 35m 59.999952s)
     1   24626.47209890951490       18475.76855136710947       28773.96200978579509    
        -2.494992612225994666      0.9724822197021907311       1.514477083049474704    
  0.7587260087369910311     -0.6514074364042194976      0.1787585891117727090E-02
  0.6514085104853759578      0.7587271919847313750     -0.2470199169629224028E-04
 -0.1340198962514362177E-02  0.1183190706265201467E-02  0.9999984019619699849    
Прогнозируемая угловая ошибка:          0.01"

 2458369.5      13824.00000000000000     ( 2018  9  8    3h 50m 23.999973s)
     1   22423.28558432458158       19278.71898106261870       30024.41546990609277    
        -2.603283434629203086      0.8855857808309914869       1.379135545859140333    
  0.7162065830062352978     -0.6978860474517574186      0.1787520823823864069E-02
  0.6978871939053640228      0.7162076961114989260     -0.2477005389127138422E-04
 -0.1262949495976879114E-02  0.1265228367444181171E-02  0.9999984020765979587    
Прогнозируемая угловая ошибка:          0.01"

 2458369.5      14688.00000000000000     ( 2018  9  8    4h  4m 47.999953s)
     1   20130.98322567228024       20005.05117979014540       31155.53585106508399    
        -2.701211403314683235      0.7951842421653326776       1.238335063547203463    
  0.6708451260043831743     -0.7415953221950660756      0.1787460365725167862E-02
  0.7415965364615821898      0.6708461645497054704     -0.2484218498659308092E-04
 -0.1180688082452206137E-02  0.1342239675001670072E-02  0.9999984021828768332    
Прогнозируемая угловая ошибка:          0.01"

 2458369.5      15552.00000000000000     ( 2018  9  8    4h 19m 11.999974s)
     1   17758.68842145007875       20651.89168814349978       32162.84797247199458    
        -2.788390317113078165      0.7016384488260477559       1.092637694422701866    
  0.6228216357326212815     -0.7823618186284094778      0.1787404763741799437E-02
  0.7823630958792182621      0.6228225955963495597     -0.2491808611893079451E-04
 -0.1093741115162138794E-02  0.1413919047706265831E-02  0.9999984022803735106    
Прогнозируемая угловая ошибка:          0.01"

 2458369.5      16416.00000000000000     ( 2018  9  8    4h 33m 35.999955s)
     1   15315.83971704388205       21216.68423337592321       33042.37070800845686    
        -2.864477104181497147      0.6053215358197816531      0.9426246385442951237    
  0.5723266822839422341     -0.8200237643572633184      0.1787354245498817785E-02
  0.8200250995138157473      0.5723275596566044232     -0.2499744345773367043E-04
 -0.1002453595884783511E-02  0.1479982046911290303E-02  0.9999984023686884216    
Прогнозируемая угловая ошибка:          0.01"

 2458369.5      17280.00000000000000     ( 2018  9  8    4h 47m 59.999976s)
     1   12812.15296123195913       21697.19969813426724       33790.63251260248217    
        -2.929173133887635672      0.5066174170099301266      0.7888938839499316513    
  0.5195606337966575117     -0.8544317136759894682      0.1787309018402293958E-02
  0.8544331014299662019      0.5195614251960648522     -0.2507992947714972863E-04
 -0.9071877337447898076E-03  0.1540166531861975182E-02  0.9999984024474588562    
Прогнозируемая угловая ошибка:          0.01"

 2458369.5      18144.00000000000000     ( 2018  9  8    5h  2m 23.999957s)
     1   10257.58240794613994       22091.54476637460175       34404.68488801478816    
        -2.982225345814993656      0.4059192351504113394      0.6320577922380735680    
  0.4647328801070740867     -0.8854491266108656111      0.1787269268834986791E-02
  0.8854505614452276019      0.4647335823921525666     -0.2516520422800830488E-04
 -0.8083215419003702542E-03  0.1594233675383127050E-02  0.9999984025163607404    
Прогнозируемая угловая ошибка:          0.01"

 2458369.5      19008.00000000000000     ( 2018  9  8    5h 16m 47.999977s)
     1   7662.280922850833122       22398.16921563923825       34882.11374003277160    
        -3.023427192430172994      0.3036277795245490019      0.4727406336922340135    
  0.4080609822620698823     -0.9129529235101843110      0.1787235161399891581E-02
  0.9129543997210718409      0.4080615926453105557     -0.2525291671484013422E-04
 -0.7062473022504899521E-03  0.1641968933935904467E-02  0.9999984025751079697    
Прогнозируемая угловая ошибка:          0.01"

 2458369.5      19872.00000000000000     ( 2018  9  8    5h 31m 11.999958s)
     1   5036.559456936885908       22615.87183055080095       35221.04858790954313    
        -3.052619392766966477      0.2001498777799864959      0.3115760822163336496    
  0.3497698295560484061     -0.9368339619292471721      0.1787206838281692059E-02
  0.9368354736486020906      0.3497703456145847545     -0.2534270625797748426E-04
 -0.6013700456008024822E-03  0.1683182878898015211E-02  0.9999984026234565171    
Прогнозируемая угловая ошибка:          0.01"

 2458369.5      20736.00000000000000     ( 2018  9  8    5h 45m 35.999979s)
     1   2390.845951265061558       22743.80491808392617       35420.16959577221132    
        -3.069690495284558285      0.9589676856966752871E-01  0.1492046803781542641    
  0.2900907260887187755     -0.9569974799387789277      0.1787184418669725662E-02
  0.9569990211576355765      0.2900911457739244748     -0.2543420395623561904E-04
 -0.4941059066310330523E-03  0.1717711965988201342E-02  0.9999984026612016574    
Прогнозируемая угловая ошибка:          0.01"

 2458369.5      21600.00000000000000     ( 2018  9  8    5h 59m 59.999960s)
     1  -264.3561617555720886       22781.47741088438124       35478.71240461809793    
        -3.074577248845314692     -0.8717538399824354550E-02 -0.1372871515547155821E-01
  0.2292604945531536431     -0.9733634632899414996      0.1787167998295338201E-02
  0.9733650278822613133      0.2292608161987899906     -0.2552703411736071545E-04
 -0.3848805116375944211E-03  0.1745419168957238615E-02  0.9999984026881825194    
Прогнозируемая угловая ошибка:          0.01"

 2458369.5      22464.00000000000000     ( 2018  9  8    6h 14m 23.999940s)
     1  -2918.509694592250071       22728.75655059564451       35396.47075238144316    
        -3.067264781528462159     -0.1132779083461876446     -0.1765774975625014620    
  0.1675205172155539712     -0.9858669699200650616      0.1787157649043773743E-02
  0.9858685516670470106      0.1675207395443694403     -0.2562081577823673283E-04
 -0.2741272550321171555E-03  0.1766194535374108338E-02  0.9999984027042799761    
Прогнозируемая угловая ошибка:          0.01"

 2458369.5      23328.00000000000000     ( 2018  9  8    6h 28m 47.999961s)
     1  -5561.085512434982775       22585.86814880241582       35173.79687835431832    
        -3.047786587747087772     -0.2173697269085684836     -0.3386958730518213057    
  0.1051157862037672835     -0.9944583840329477287      0.1787153418673049663E-02
  0.9944599766477025815      0.1051159083325666488     -0.2571516420347795331E-04
 -0.1622855942944922210E-03  0.1779955616702075640E-02  0.9999984027094183103    
Прогнозируемая угловая ошибка:          0.01"

 2458369.5      24192.00000000000000     ( 2018  9  8    6h 43m 11.999942s)
     1  -8181.604247504328669       22353.39542878866996       34811.59971695056447    
        -3.016224324865541817     -0.3205805387390580075     -0.4994414132828796093    
  0.4229394023217953463E-01 -0.9991036125925386591      0.1787155330623451917E-02
  0.9991052097450321412      0.4229396167534366091E-01 -0.2580969239843895126E-04
 -0.4979932214595321911E-04  0.1786647795037212211E-02  0.9999984027035663248    
Прогнозируемая угловая ошибка:          0.02"

 2458369.5      25056.00000000000000     ( 2018  9  8    6h 57m 35.999963s)
     1  -10769.67775600123059       22032.27645681588183       34311.34089438211959    
        -2.972707421220916135     -0.4225016728668278265     -0.6581775871708410719    
 -0.2069573843510108188E-01 -0.9997842229489646293      0.1787163383923500229E-02
  0.9997858182911345537     -0.2069581776370558665E-01 -0.2590401267531132273E-04
  0.6288523089143191491E-04  0.1786244503545163448E-02  0.9999984026867351217    
Прогнозируемая угловая ошибка:          0.02"

 2458369.5      25920.00000000000000     ( 2018  9  8    7h 11m 59.999944s)
     1  -13315.05015582097258       21623.80017703735211       33675.02855024500604    
        -2.917412498134857479     -0.5227298486359684970     -0.8142762624205555078    
 -0.8360328985446642547E-01 -0.9964975142577644496      0.1787177553192716498E-02
  0.9964991014487082355     -0.8360346964112522206E-01 -0.2599773815619008441E-04
  0.1753209257606446522E-03  0.1778747329447207806E-02  0.9999984026589797681    
Прогнозируемая угловая ошибка:          0.02"

 2458369.5      26784.00000000000000     ( 2018  9  8    7h 26m 23.999965s)
     1  -15807.63828567394194       21129.60106946069936       32905.20901426314958    
        -2.850562609159713379     -0.6208687561589584236     -0.9671201673521077069    
 -0.1461790916755283110     -0.9892565284500183242      0.1787197788744910665E-02
  0.9892581011811517611     -0.1461793712079413332     -0.2609048434335882853E-04
  0.2870616309500539985E-03  0.1764186007626255583E-02  0.9999984026203994070    
Прогнозируемая угловая ошибка:          0.02"

 2458369.5      27648.00000000000000     ( 2018  9  8    7h 40m 47.999945s)
     1  -18237.57142933360592       20551.65245553810018       32004.95637648726915    
        -2.772426300435442137     -0.7165306053853015555      -1.116105303826289141    
 -0.2081748263290414125     -0.9780899997000210844      0.1787224016779649519E-02
  0.9780915517201113074     -0.2081752044991288519     -0.2618187060933325791E-04
  0.3976639509952594061E-03  0.1742618305476396597E-02  0.9999984025711358138    
Прогнозируемая угловая ошибка:          0.02"

 2458369.5      28512.00000000000000     ( 2018  9  8    7h 55m 11.999966s)
     1  -20595.23015234541526       19892.25848098776260       30977.85999707314477    
        -2.683316496640516302     -0.8093376380580428187      -1.260643302348138484    
 -0.2693444896287213175     -0.9630422377144913781      0.1787256139682140291E-02
  0.9630437628544576967     -0.2693449649370375232     -0.2627152174231699980E-04
  0.5066890273630939414E-03  0.1714129788328762078E-02  0.9999984025113731745    
Прогнозируемая угловая ошибка:          0.02"

 2458369.5      29376.00000000000000     ( 2018  9  8    8h  9m 35.999947s)
     1  -22871.28410265669663       19154.04481031884279       29828.01000934712283    
        -2.583589217601093502     -0.8989235970185152080      -1.400163710719062315    
 -0.3294453439402121875     -0.9441729560499720897      0.1787294036400349784E-02
  0.9441744482473684030     -0.3294459145018753254     -0.2635906940038728181E-04
  0.6137042387800178576E-03  0.1678833487989604255E-02  0.9999984024413375305    
Прогнозируемая угловая ошибка:          0.02"

 2458369.5      30240.00000000000000     ( 2018  9  8    8h 23m 59.999968s)
     1  -25056.72863124486321       18339.94807223194221       28559.98087718872193    
        -2.473642131177867576     -0.9849351475208349971      -1.534116207921472963    
 -0.3882389041186516399     -0.9215570295717919747      0.1787337562936771804E-02
  0.9215584828948549800     -0.3882395676708384480     -0.2644415360622866127E-04
  0.7182849583632594341E-03  0.1636869443704597584E-02  0.9999984023612951134    
Прогнозируемая угловая ошибка:          0.02"

 2458369.5      31104.00000000000000     ( 2018  9  8    8h 38m 23.999949s)
     1  -27142.92009390683961       17453.20409958856544       27178.81307480272517    
        -2.353912948579290898      -1.067033245431524557      -1.661972735253075761    
 -0.4454918615443371199     -0.8952842043435546016      0.1787386552905209430E-02
  0.8952856130147487379     -0.4454926154552439344     -0.2652642414419358955E-04
  0.8200161988173068194E-03  0.1588404159639938929E-02  0.9999984022715532328    
Прогнозируемая угловая ошибка:          0.02"

 2458369.5      31968.00000000000000     ( 2018  9  8    8h 52m 47.999969s)
     1  -29121.60970090454066       16497.33501197365695       25689.99296369964941    
        -2.224877668753142412      -1.144894447415453431      -1.783229537079783045    
 -0.5009770317620305669     -0.8654587331018311902      0.1787440818206637591E-02
  0.8654600915207643075     -0.5009778730413301240     -0.2660554197982087951E-04
  0.9184942979477638512E-03  0.1533629928663594053E-02  0.9999984021724568350    
Прогнозируемая угловая ошибка:          0.02"

 2458369.5      32832.00000000000000     ( 2018  9  8    9h  7m 11.999950s)
     1  -30984.97578711641108       15476.13519300639564       24099.43094813828429    
        -2.087048678985669703      -1.218212158446425608      -1.897409103945677522    
 -0.5544742347309233876     -0.8321989713180204529      0.1787500149756825240E-02
  0.8322002740836743628     -0.5544751600416122361     -0.2668118057610693820E-04
  0.1013328482639717226E-02  0.1472764087370646196E-02  0.9999984020643879479    
Прогнозируемая угловая ошибка:          0.02"

 2458369.5      33696.00000000000000     ( 2018  9  8    9h 21m 35.999971s)
     1  -32725.65438170156267       14393.65621847570583       22413.43799639242206    
        -1.940972719288543757      -1.286697812228621451      -2.004062011164667645    
 -0.6057711891391660552     -0.7956368964689413126      0.1787564318335591994E-02
  0.7956381384010934310     -0.6057721948108200083     -0.2675302721753446283E-04
  0.1104142456030137061E-02  0.1406048133402134194E-02  0.9999984019477649033    
Прогнозируемая угловая ошибка:          0.02"

 2458369.5      34560.00000000000000     ( 2018  9  8    9h 35m 59.999952s)
     1  -34336.76796301762806       13254.19079507974493       20638.70062097143818    
        -1.787228718578443454      -1.350081980373208479      -2.102768646420603460    
 -0.6546643349098622000     -0.7559175966763936882      0.1787633075473747538E-02
  0.7559187728361821401     -0.6546654169531833656     -0.2682078422378465657E-04
  0.1190575855465663292E-02  0.1333746789827929208E-02  0.9999984018230393401    
Прогнозируемая угловая ошибка:          0.02"

 2458369.5      35424.00000000000000     ( 2018  9  8    9h 50m 23.999973s)
     1  -35811.95229162342730       12062.25577302401143       18782.25441633824084    
        -1.626425511051788675      -1.408115406442273621      -2.193140820319916084    
 -0.7009596600096996699     -0.7131986813965598415      0.1787706154462268731E-02
  0.7131997871060693495     -0.7009608141323585562     -0.2688417015769191420E-04
  0.1272285716168232743E-02  0.1256146929997295622E-02  0.9999984016906960926    
Прогнозируемая угловая ошибка:          0.02"

 2458369.5      36288.00000000000000     ( 2018  9  8   10h  4m 47.999953s)
     1  -37145.38122161921638       10822.57429897291149       16851.45625771486448    
        -1.459199441527641472      -1.460569961249309268      -2.274823254272545725    
 -0.7444734521686943163     -0.6676496707458193791      0.1787783271384508002E-02
  0.6676507016066554057     -0.7444746737923457758     -0.2694292091640919829E-04
  0.1348947800054172731E-02  0.1173556466114352055E-02  0.9999984015512493052    
Прогнозируемая угловая ошибка:          0.02"

 2458369.5      37152.00000000000000     ( 2018  9  8   10h 19m 11.999974s)
     1  -38331.78939830747549       9540.057178846269380       14853.95526923378384    
        -1.286211868874416631      -1.507239516091348541      -2.347494940522261597    
 -0.7850330450721884068     -0.6194513069536242700      0.1787864126269327796E-02
  0.6194522588643524008     -0.7850343293506497622     -0.2699679080383848999E-04
  0.1420257912682990021E-02  0.1086303098668071811E-02  0.9999984014052417658    
Прогнозируемая угловая ошибка:          0.02"

 2458369.5      38016.00000000000000     ( 2018  9  8   10h 33m 35.999955s)
     1  -39366.49275817062880       8219.783522698722663       12797.66267397077900    
        -1.108146576950304496      -1.547940730881913973      -2.410870369605679908    
 -0.8224774873742949355     -0.5687948540580954893      0.1787948404252171809E-02
  0.5687957232305307365     -0.8224788292127616085     -0.2704555348401107423E-04
  0.1485933081869000340E-02  0.9947330468213263620E-03  0.9999984012532426858    
Прогнозируемая угловая ошибка:          0.02"

 2458369.5      38880.00000000000000     ( 2018  9  8   10h 47m 59.999976s)
     1  -40245.40675543506950       6866.980746408531559       10690.72064227135525    
       -0.9257071027724125267      -1.582513754455736610      -2.464700620989419999    
 -0.8566581964409708538     -0.5158813210405701621      0.1788035776853916367E-02
  0.5158821040147938408     -0.8566595905162419644     -0.2708900289853908596E-04
  0.1545712707029077730E-02  0.8992096422506106477E-03  0.9999984010958449243    
Прогнозируемая угловая ошибка:          0.02"

 2458369.5      39744.00000000000000     ( 2018  9  8   11h  2m 23.999957s)
     1  -40965.06224799692427       5487.004007127477962       8541.470258248253231    
       -0.7396139918849584660      -1.610822834625063482      -2.508774313116058696    
 -0.8874395340487125639     -0.4609206829956297713      0.1788125903252398658E-02
  0.4609213766537337831     -0.8874409748303009327     -0.2712695406833298759E-04
  0.1599359568898357743E-02  0.8001119214787940368E-03  0.9999984009336627677    
Прогнозируемая угловая ошибка:          0.03"

 2458369.5      40608.00000000000000     ( 2018  9  8   11h 16m 47.999977s)
     1  -41522.61898419876525       4085.315151398671333       6358.418727372672038    
       -0.5506019911215931373      -1.632756835882663182      -2.542918409580745553    
 -0.9146993573122271792     -0.4041310282661298992      0.1788218431666711546E-02
  0.4041316298445735700     -0.9147008390843117676     -0.2715924384187999867E-04
  0.1646660793052308596E-02  0.6978330864203544049E-03  0.9999984007673293762    
Прогнозируемая угловая ошибка:          0.03"

 2458369.5      41472.00000000000000     ( 2018  9  8   11h 31m 11.999958s)
     1  -41915.87664084092830       2667.461256529434195       4150.205950698714332    
       -0.3594171891504461813      -1.648229662967637177      -2.566998878660423422    
 -0.9383294919396124589     -0.3457377134374557959      0.1788313000719041722E-02
  0.3457382205380489237     -0.9383310088237092339     -0.2718573153080071236E-04
  0.1687428674714868109E-02  0.5927789809782689620E-03  0.9999984005974947854    
Прогнозируемая угловая ошибка:          0.03"

 2458369.5      42336.00000000000000     ( 2018  9  8   11h 45m 35.999979s)
     1  -42143.28337185880082       1239.052847207317882       1925.570593442011614    
       -0.1668141153520699138      -1.657180588836077328      -2.580921203925390373    
 -0.9582361716085351366     -0.2859724479970149336      0.1788409240902458057E-02
  0.2859728585964171343     -0.9582377175868266317     -0.2720629948036315320E-04
  0.1721501441176891524E-02  0.4853664427034549370E-03  0.9999984004248229086    
Прогнозируемая угловая ошибка:          0.03"

 2458369.5      43200.00000000000000     ( 2018  9  8   11h 59m 59.999960s)
     1  -42203.94183627117309      -194.2581295353963924      -306.6842226267408478    
        0.2644719229047909348E-01  -1.659574485908620778      -2.584630744177058403    
 -0.9743404012735927822     -0.2250723965517014702      0.1788506776011490997E-02
  0.2250727090094692129     -0.9743419702128015558     -0.2722085352557071004E-04
  0.1748743878617156980E-02  0.3760216878116200341E-03  0.9999984002499892055    
Прогнозируемая угловая ошибка:          0.03"

 2458369.5      44064.00000000000000     ( 2018  9  8   12h 14m 23.999940s)
     1  -42097.61268327519792      -1626.800487072594024      -2537.725472219373387    
        0.2196041395141464236      -1.655401959800188338      -2.578112941474909103    
 -0.9865782775447589081     -0.1632792184209828912      0.1788605224665547853E-02
  0.1632794314860664953     -0.9865798632204850760     -0.2722932337460793735E-04
  0.1769047880544710868E-02  0.2651785852828184953E-03  0.9999984000736772405    
Прогнозируемая угловая ошибка:          0.03"

 2458369.5      44928.00000000000000     ( 2018  9  8   12h 28m 47.999961s)
     1  -41824.71548170308233      -3052.906055172538345      -4758.724893401535155    
        0.4118945374730429432      -1.644679385072676858      -2.561393376538299904    
 -0.9949012386810855979     -0.1008381168414002049      0.1788704201808539399E-02
  0.1008382296571087300     -0.9949028348025030777     -0.2723166288259959802E-04
  0.1782332870606013900E-02  0.1532769499572752105E-03  0.9999983998965773502    
Прогнозируемая угловая ошибка:          0.03"

 2458369.5      45792.00000000000000     ( 2018  9  8   12h 43m 11.999942s)
     1  -41386.32709043432260      -4466.931924494138912      -6960.893636309943759    
        0.6025595629433890821      -1.627448842888205904      -2.534537671333511710    
 -0.9992762569399357142     -0.3799687485561523137E-01  0.1788803320222316379E-02
  0.3799688696303102353E-01 -0.9992778571747514826     -0.2722785023800765964E-04
  0.1788546121956920707E-02  0.4076081328713908016E-04  0.9999983997193826468    
Прогнозируемая угловая ошибка:          0.03"

 2458369.5      46656.00000000000000     ( 2018  9  8   12h 57m 35.999963s)
     1  -40784.17747574688838      -5863.282594901848825      -9135.516761790797318    
        0.7908467061741697446      -1.603777960777661660      -2.497651239181647220    
 -0.9996859718881915269      0.2499514830739558297E-01  0.1788902192094978579E-02
 -0.2499523696761348987E-01 -0.9996875698877720762     -0.2721788804824554613E-04
  0.1787662970033958949E-02 -0.7192337506949588355E-04  0.9999983995427863537    
Прогнозируемая угловая ошибка:          0.03"

 2458369.5      47520.00000000000000     ( 2018  9  8   13h 11m 59.999944s)
     1  -40020.64299096100876      -7236.431943240746477      -11273.98745855113339    
        0.9760126955600085807      -1.573759655075795072      -2.450878883247242346    
 -0.9961287576670418975      0.8788798340032251410E-01  0.1789000430522510879E-02
 -0.8788817248768283907E-01 -0.9961303470916029745     -0.2720180333203984526E-04
  0.1779686908163706071E-02 -0.1843284769777971989E-03  0.9999983993674795846    
Прогнозируемая угловая ошибка:          0.03"

 2458369.5      48384.00000000000000     ( 2018  9  8   13h 26m 23.999965s)
     1  -39098.73714305228350      -8580.944926834526996      -13367.84084838348826    
         1.157326388384938509      -1.537511776909023409      -2.394404244789154923    
 -0.9886187295958007715      0.1504320664684884734      0.1789097651080359458E-02
 -0.1504323552440360312     -0.9886203041395612567     -0.2717964740956848883E-04
  0.1764649573420740657E-02 -0.2960084819064557693E-03  0.9999983991941495676    
Прогнозируемая угловая ошибка:          0.03"

 2458369.5      49248.00000000000000     ( 2018  9  8   13h 40m 47.999945s)
     1  -38022.09888015660545      -9891.498939878436431      -15408.78725044182465    
         1.334071616991184817      -1.495176662954419644      -2.328449103073018112    
 -0.9771856894806472127      0.2123792058110845760      0.1789193473312014919E-02
 -0.2123795931403126835     -0.9771872428968522151     -0.2715149570547953752E-04
  0.1742610624100322326E-02 -0.4065202349625899160E-03  0.9999983990234740938    
Прогнозируемая угловая ошибка:          0.03"

 2458369.5      50112.00000000000000     ( 2018  9  8   13h 55m 11.999966s)
     1  -36794.97844303012243      -11162.90474109449497      -17388.74477740953444    
         1.505549979865381305      -1.446920592517211723      -2.253272529356833420    
 -0.9618750045673618576      0.2734835900720554713      0.1789287522274472450E-02
 -0.2734840744294242398     -0.9618765306930642245     -0.2711744744114511052E-04
  0.1713657497457971675E-02 -0.5154252367986290103E-03  0.9999983988561216286    
Прогнозируемая угловая ошибка:          0.03"

 2458369.5      50976.00000000000000     ( 2018  9  8   14h  9m 35.999947s)
     1  -35422.22083253449819      -12390.12687249349437      -19299.87113870264875    
         1.671083567305220230      -1.392933152798627283      -2.169169897866793928    
 -0.9427474317611977961      0.3335027406617837586      0.1789379429990134874E-02
 -0.3335033201367539890     -0.9427489245417169927     -0.2707762525374672876E-04
  0.1677905070987538915E-02 -0.6222913425522680949E-03  0.9999983986927466484    
Прогнозируемая угловая ошибка:          0.03"

 2458369.5      51840.00000000000000     ( 2018  9  8   14h 23m 59.999968s)
     1  -33909.24695406400861      -13568.30349084412774      -21134.59452858756777    
         1.830017611531842503      -1.333426514545245967      -2.076471757177889899    
 -0.9198788708480243326      0.3921984966425106078      0.1789468836941658127E-02
 -0.3921991689471410192     -0.9198803243609645630     -0.2703217469664795039E-04
  0.1635495195882728271E-02 -0.7266945170418422344E-03  0.9999983985339893078    
Прогнозируемая угловая ошибка:          0.03"

 2458369.5      52704.00000000000000     ( 2018  9  8   14h 38m 23.999949s)
     1  -32262.03250848850439      -14692.76553547848926      -22885.64348025403888    
         1.981723051346523823      -1.268634620584446093      -1.975542565902099090    
 -0.8933600704126617442      0.4493379375078155880      0.1789555393464173534E-02
 -0.4493386999858220432     -0.8933614788914185922     -0.2698126367795660658E-04
  0.1586596147490872827E-02 -0.8282204776709464799E-03  0.9999983983804697774    
Прогнозируемая угловая ошибка:          0.03"

 2458369.5      53568.00000000000000     ( 2018  9  8   14h 52m 47.999969s)
     1  -30487.08470762974321      -15759.05515836018458      -24546.07557046382499    
         2.125599001693788459      -1.198812290057324148      -1.866779297064881771    
 -0.8632962592415740488      0.5046943292455440266      0.1789638761165814702E-02
 -0.5046951788828554220     -0.8632976170982070707     -0.2692508177816905899E-04
  0.1531401941893156728E-02 -0.9264663770810783062E-03  0.9999983982327895760    
Прогнозируемая угловая ошибка:          0.03"

 2458369.5      54432.00000000000000     ( 2018  9  8   15h  7m 11.999950s)
     1  -28591.41690049084718      -16762.94334490035908      -26109.30486338247283    
         2.261075118786157745      -1.124234241460021932      -1.750609916017335843    
 -0.8298067386029202019      0.5580480028424672501      0.1789718614238184442E-02
 -0.5580489362791665187     -0.8298080404503345164     -0.2686383951718474664E-04
  0.1470131584247264889E-02 -0.1021042363970700801E-02  0.9999983980915249093    
Прогнозируемая угловая ошибка:          0.03"

 2458369.5      55296.00000000000000     ( 2018  9  8   15h 21m 35.999971s)
     1  -26582.52120439594000      -17700.44665682124469      -27569.12798658716929    
         2.387613851767690587      -1.045194037896109318      -1.627491737185795095    
 -0.7930243976756249369      0.6091872465230671052      0.1789794640780040290E-02
 -0.6091882600667385406     -0.7930256383489370231     -0.2679776749979081733E-04
  0.1403028179321984953E-02 -0.1111573166524076027E-02  0.9999983979572283355    
Прогнозируемая угловая ошибка:          0.03"

 2458369.5      56160.00000000000000     ( 2018  9  8   15h 35m 59.999952s)
     1  -24468.33924284304885      -18567.84303142994395      -28919.74873701600882    
         2.504712572243585900     -0.9620029582260100076      -1.497909665402023860    
 -0.7530951986563423350      0.6579091260489695614      0.1789866544005232121E-02
 -0.6579102156893322784     -0.7530963732333846306     -0.2672711552391837002E-04
  0.1330357989645921963E-02 -0.1197699546396643845E-02  0.9999983978304246568    
Прогнозируемая угловая ошибка:          0.04"

 2458369.5      57024.00000000000000     ( 2018  9  8   15h 50m 23.999973s)
     1  -22257.23109920573552      -19361.68657496893138      -30155.80111977172055    
         2.611905573380841172     -0.8749887980739479154      -1.362374327984732680    
 -0.7101775838987220979      0.7040203089853971363      0.1789934043448571967E-02
 -0.7040214704102309984     -0.7101786877195620518     -0.2665215156550316460E-04
  0.1252409354100562575E-02 -0.1279079757810527894E-02  0.9999983977116078115    
Прогнозируемая угловая ошибка:          0.04"

 2458369.5      57888.00000000000000     ( 2018  9  8   16h  4m 47.999953s)
     1  -19957.94260241274606      -20078.82129124688072      -31272.37072820405592    
         2.708765930689732482     -0.7844946049180074876      -1.221420104156128561    
 -0.6644418620119256769      0.7473378137879206351      0.1789996876052074278E-02
 -0.7473390424001618015     -0.6644428906973692817     -0.2657316074257089011E-04
  0.1169491570808467050E-02 -0.1355390871651414829E-02  0.9999983976012416509    
Прогнозируемая угловая ошибка:          0.04"

 2458369.5      58752.00000000000000     ( 2018  9  8   16h 19m 11.999974s)
     1  -17579.57106736762580      -20716.39369051538597      -32265.01437955611618    
         2.794907217027370994     -0.6908773517442085010      -1.075603058774889487    
 -0.6160695161110542051      0.7876897530262242375      0.1790054797233907270E-02
 -0.7876910439622172300     -0.6160704655800084417     -0.2649044415664747809E-04
  0.1081933640930413110E-02 -0.1426330087095828555E-02  0.9999983974997556091    
Прогнозируемая угловая ошибка:          0.04"

 2458369.5      59616.00000000000000     ( 2018  9  8   16h 33m 35.999955s)
     1  -15131.52961911872444      -21271.86422753519946      -33129.77792665800371    
         2.869985064822410337     -0.5945065539904675900     -0.9254987877485372216    
 -0.5652525006418185338      0.8249159993799467516      0.1790107581835693323E-02
 -0.8249173475287299162     -0.5652533671274996285     -0.2640431772855701619E-04
  0.9900829940060573535E-03 -0.1491615904822802142E-02  0.9999983974075444815    
Прогнозируемая угловая ошибка:          0.04"

 2458369.5      60480.00000000000000     ( 2018  9  8   16h 47m 59.999976s)
     1  -12623.51023563166200      -21743.01752196068264      -33863.21217267147586    
         2.933698569003960976     -0.4957628347404435809     -0.7717001828528692320    
 -0.5121924617111505151      0.8588688360345005934      0.1790155025037613564E-02
 -0.8588702360580959816     -0.5121932417760168832     -0.2631511091494130543E-04
  0.8943040768740126434E-03 -0.1550989270374364404E-02  0.9999983973249664260    
Прогнозируемая угловая ошибка:          0.04"

 2458369.5      61344.00000000000000     ( 2018  9  8   17h  2m 23.999957s)
     1  -10065.44564942839133      -22127.97131855377302      -34462.38682271720609    
         2.985791524627771309     -0.3950364433499391481     -0.6148151240329343681    
 -0.4570999557883747566      0.8894135290252618287      0.1790196943151726615E-02
 -0.8894149753798437086     -0.4571006463377813023     -0.2622316543368931647E-04
  0.7949769416759427075E-03 -0.1604214577878755772E-02  0.9999983972523407427    
Прогнозируемая угловая ошибка:          0.04"

 2458369.5      62208.00000000000000     ( 2018  9  8   17h 16m 47.999977s)
     1  -7467.470253317522292      -22425.18414930821018      -34924.90241333562881    
         3.026053493728696253     -0.2927257328991116347     -0.4554641075880400125    
 -0.4001935944789531963      0.9164288744922851615      0.1790233174368728673E-02
 -0.9164303614501854156     -0.4001941927734166127     -0.2612883387594263564E-04
  0.6924957022720364249E-03 -0.1651080627015169685E-02  0.9999983971899484292    
Прогнозируемая угловая ошибка:          0.04"

 2458369.5      63072.00000000000000     ( 2018  9  8   17h 31m 11.999958s)
     1  -4839.880159926406122      -22633.46166431124948      -35248.90016812671092    
